Test Accuracy: 99.60%

Classification Report:
              precision    recall  f1-score   support

           A     0.9846    0.9978    0.9912       450
           B     1.0000    0.9911    0.9955       450
           C     1.0000    1.0000    1.0000       450
           D     1.0000    1.0000    1.0000       450
           E     1.0000    0.9967    0.9983       900
           F     1.0000    1.0000    1.0000       450
           G     0.9912    0.9978    0.9945       450
           H     0.9955    0.9889    0.9922       450
           I     0.9956    0.9956    0.9956       450
           J     0.9912    0.9956    0.9933       450
           K     0.9978    1.0000    0.9989       450
           L     1.0000    1.0000    1.0000       450
           M     0.9954    0.9667    0.9808       450
           N     0.9783    1.0000    0.9890       450
           O     0.9945    0.9989    0.9967       900
           P     1.0000    0.9911    0.9955       450
           Q     1.0000    1.0000    1.0000       450
           R     1.0000    0.9844    0.9922       450
           S     1.0000    0.9978    0.9989       450
           T     0.9989    1.0000    0.9994       900
           U     0.9761    1.0000    0.9879       450
           V     1.0000    0.9867    0.9933       450
           W     1.0000    1.0000    1.0000       450
           X     0.9934    1.0000    0.9967       450
           Y     1.0000    1.0000    1.0000       450
           Z     1.0000    1.0000    1.0000       450

    accuracy                         0.9960     13050
   macro avg     0.9959    0.9957    0.9958     13050
weighted avg     0.9961    0.9960    0.9960     13050
